100 2e-06
200 3e-06
300 2e-06
400 3e-06
500 2e-06
600 3e-06
700 3e-06
800 8e-06
900 4e-06
1000 4e-06
1100 4e-06
1200 5e-06
1300 5e-06
1400 5e-06
1500 5e-06
1600 6e-06
1700 6e-06
1800 7e-06
1900 6e-06
2000 6e-06
2100 7e-06
2200 7e-06
2300 8e-06
2400 8e-06
2500 8e-06
2600 8e-06
2700 9e-06
2800 9e-06
2900 1e-05
3000 9e-06
3100 9e-06
3200 9e-06
3300 1e-05
3400 1e-05
3500 1e-05
3600 1.1e-05
3700 1e-05
3800 1.1e-05
3900 1.3e-05
4000 1.2e-05
4100 1.2e-05
4200 1.2e-05
4300 1.3e-05
4400 1.3e-05
4500 1.3e-05
4600 1.3e-05
4700 1.3e-05
4800 1.4e-05
4900 1.4e-05
5000 1.4e-05
5100 1.5e-05
5200 1.5e-05
5300 1.5e-05
5400 1.5e-05
5500 1.6e-05
5600 1.6e-05
5700 1.7e-05
5800 1.7e-05
5900 1.6e-05
6000 1.7e-05
6100 3.3e-05
6200 1.8e-05
6300 1.8e-05
6400 1.8e-05
6500 1.9e-05
6600 1.9e-05
6700 1.9e-05
6800 2e-05
6900 1.9e-05
7000 2e-05
7100 2.1e-05
7200 2.1e-05
7300 2.1e-05
7400 2.1e-05
7500 2.1e-05
7600 2.2e-05
7700 2.2e-05
7800 2.1e-05
7900 2.3e-05
8000 2.2e-05
8100 2.2e-05
8200 2.2e-05
8300 2.3e-05
8400 2.4e-05
8500 2.4e-05
8600 2.3e-05
8700 2.4e-05
8800 2.3e-05
8900 2.4e-05
9000 2.4e-05
9100 2.6e-05
9200 2.5e-05
9300 6.2e-05
9400 2.5e-05
9500 2.6e-05
9600 2.7e-05
9700 2.6e-05
9800 3e-05
9900 2.7e-05
10000 2.8e-05
10100 2.6e-05
10200 2.9e-05
10300 2.8e-05
10400 2.9e-05
10500 2.7e-05
10600 2.8e-05
10700 2.9e-05
10800 4.2e-05
10900 3.2e-05
11000 3e-05
11100 3.2e-05
11200 3e-05
11300 3.2e-05
11400 3.2e-05
11500 2.9e-05
11600 3e-05
11700 3.1e-05
11800 3.2e-05
11900 3.2e-05
12000 3e-05
12100 3.1e-05
12200 3.3e-05
12300 3.3e-05
12400 3.3e-05
12500 3.4e-05
12600 3.4e-05
12700 3.5e-05
12800 3.5e-05
12900 3.6e-05
13000 3.5e-05
13100 3.6e-05
13200 3.6e-05
13300 3.6e-05
13400 3.7e-05
13500 3.7e-05
13600 3.7e-05
13700 3.8e-05
13800 3.8e-05
13900 3.8e-05
14000 3.7e-05
14100 3.8e-05
14200 3.8e-05
14300 3.9e-05
14400 3.9e-05
14500 3.9e-05
14600 4e-05
14700 3.9e-05
14800 4.1e-05
14900 4e-05
15000 5.1e-05
15100 4.2e-05
15200 5.3e-05
15300 4.2e-05
15400 4.3e-05
15500 3.9e-05
15600 4e-05
15700 4.6e-05
15800 4e-05
15900 4.3e-05
16000 4.2e-05
16100 4.5e-05
16200 4.3e-05
16300 4.4e-05
16400 4.5e-05
16500 4.5e-05
16600 5.5e-05
16700 4.6e-05
16800 4.5e-05
16900 4.5e-05
17000 4.6e-05
17100 4.5e-05
17200 4.5e-05
17300 4.6e-05
17400 4.6e-05
17500 4.7e-05
17600 4.8e-05
17700 4.7e-05
17800 4.8e-05
17900 4.8e-05
18000 4.8e-05
18100 4.9e-05
18200 4.8e-05
18300 4.9e-05
18400 4.9e-05
18500 4.9e-05
18600 5e-05
18700 5e-05
18800 5e-05
18900 5.3e-05
19000 5.1e-05
19100 5.1e-05
19200 5.1e-05
19300 5.2e-05
19400 5.2e-05
19500 5.3e-05
19600 5.2e-05
19700 5.3e-05
19800 5.3e-05
19900 5.3e-05
20000 5.4e-05
20100 5.4e-05
20200 5.4e-05
20300 5.4e-05
20400 5.4e-05
20500 5.5e-05
20600 5.5e-05
20700 5.6e-05
20800 5.3e-05
20900 5.5e-05
21000 5.6e-05
21100 5.7e-05
21200 8.9e-05
21300 5.7e-05
21400 5.3e-05
21500 5.8e-05
21600 5.8e-05
21700 5.9e-05
21800 5.4e-05
21900 5.9e-05
22000 5.5e-05
22100 5.8e-05
22200 5.7e-05
22300 7.1e-05
22400 6e-05
22500 5.6e-05
22600 5.7e-05
22700 5.9e-05
22800 6.2e-05
22900 9.3e-05
23000 5.7e-05
23100 8e-05
23200 5.9e-05
23300 7.4e-05
23400 6.7e-05
23500 6.3e-05
23600 6.4e-05
23700 6.3e-05
23800 6.3e-05
23900 6.4e-05
24000 8.7e-05
24100 6.4e-05
24200 6.5e-05
24300 6.5e-05
24400 7.9e-05
24500 6.5e-05
24600 6.3e-05
24700 6.3e-05
24800 9.6e-05
24900 6.6e-05
25000 6.5e-05
25100 6.7e-05
25200 6.7e-05
25300 6.8e-05
25400 6.8e-05
25500 6.8e-05
25600 6.8e-05
25700 6.9e-05
25800 8.2e-05
25900 7e-05
26000 7.1e-05
26100 6.8e-05
26200 7e-05
26300 6.9e-05
26400 7e-05
26500 7e-05
26600 7.9e-05
26700 7.1e-05
26800 7.1e-05
26900 7.3e-05
27000 7.4e-05
27100 7.2e-05
27200 7.4e-05
27300 7.3e-05
27400 7.3e-05
27500 7.4e-05
27600 7.3e-05
27700 7.3e-05
27800 7.4e-05
27900 7.4e-05
28000 7.4e-05
28100 7.6e-05
28200 7.5e-05
28300 8e-05
28400 7.6e-05
28500 7.9e-05
28600 7.3e-05
28700 7.3e-05
28800 7.6e-05
28900 7.8e-05
29000 7.7e-05
29100 7.8e-05
29200 7.7e-05
29300 7.8e-05
29400 7.8e-05
29500 7.8e-05
29600 8.1e-05
29700 8e-05
29800 7.8e-05
29900 9.3e-05
30000 9.1e-05
30100 8e-05
30200 8.4e-05
30300 7.7e-05
30400 8.2e-05
30500 8.1e-05
30600 8.1e-05
30700 7.6e-05
30800 0.000107
30900 0.000113
31000 0.000114
31100 8.3e-05
31200 9.2e-05
31300 8.3e-05
31400 9.6e-05
31500 8.1e-05
31600 9.5e-05
31700 8.1e-05
31800 0.000129
31900 8.5e-05
32000 0.000116
32100 9.6e-05
32200 0.000114
32300 0.000103
32400 8.6e-05
32500 8.6e-05
32600 8.7e-05
32700 8.4e-05
32800 8.4e-05
32900 8.7e-05
33000 8.5e-05
33100 9.3e-05
33200 8.9e-05
33300 0.000104
33400 0.000123
33500 8.6e-05
33600 0.000116
33700 0.000107
33800 8.9e-05
33900 9.1e-05
34000 9.8e-05
34100 9e-05
34200 9e-05
34300 9.2e-05
34400 9.4e-05
34500 9.1e-05
34600 9.4e-05
34700 0.000143
34800 9.2e-05
34900 0.0001
35000 9.2e-05
35100 9.2e-05
35200 0.000104
35300 9.2e-05
35400 9.6e-05
35500 9.3e-05
35600 9.7e-05
35700 9.4e-05
35800 9.5e-05
35900 9.8e-05
36000 9.4e-05
36100 9.5e-05
36200 0.000111
36300 0.000108
36400 9.7e-05
36500 0.000112
36600 9.8e-05
36700 9.8e-05
36800 0.000103
36900 9.8e-05
37000 0.0001
37100 9.5e-05
37200 0.00013
37300 0.000116
37400 9.9e-05
37500 0.0001
37600 0.000119
37700 9.9e-05
37800 9.9e-05
37900 0.000101
38000 0.0001
38100 0.000101
38200 0.0001
38300 0.000102
38400 0.000101
38500 0.000103
38600 9.8e-05
38700 9.8e-05
38800 9.9e-05
38900 0.000119
39000 0.00013
39100 0.000184
39200 0.000105
39300 0.000106
39400 0.000109
39500 0.000128
39600 0.000107
39700 0.000184
39800 0.000102
39900 9.9e-05
40000 0.000104
40100 0.000106
40200 0.000143
40300 0.000106
40400 0.000103
40500 0.000111
40600 0.00011
40700 0.000104
40800 0.000108
40900 0.000104
41000 0.000123
41100 0.000115
41200 0.000108
41300 0.000102
41400 0.000142
41500 0.000105
41600 0.000106
41700 0.000111
41800 0.000112
41900 0.00011
42000 0.000116
42100 0.000112
42200 0.000114
42300 0.000115
42400 0.000113
42500 0.000114
42600 0.000111
42700 0.000109
42800 0.000106
42900 0.000119
43000 0.000117
43100 0.000114
43200 0.000114
43300 0.000115
43400 0.000115
43500 0.000126
43600 0.000135
43700 0.000115
43800 0.000116
43900 0.000115
44000 0.000116
44100 0.00012
44200 0.000118
44300 0.000117
44400 0.000117
44500 0.000135
44600 0.000117
44700 0.000127
44800 0.000118
44900 0.00012
45000 0.000118
45100 0.000119
45200 0.000122
45300 0.00012
45400 0.000118
45500 0.00012
45600 0.000113
45700 0.000128
45800 0.000161
45900 0.000122
46000 0.000121
46100 0.000123
46200 0.000129
46300 0.000122
46400 0.000124
46500 0.000123
46600 0.000127
46700 0.000124
46800 0.000123
46900 0.000126
47000 0.000126
47100 0.000124
47200 0.000131
47300 0.000149
47400 0.000122
47500 0.000129
47600 0.000152
47700 0.00013
47800 0.000123
47900 0.000137
48000 0.000134
48100 0.000156
48200 0.000126
48300 0.000154
48400 0.000119
48500 0.000137
48600 0.00012
48700 0.000127
48800 0.000131
48900 0.000141
49000 0.000129
49100 0.000129
49200 0.000134
49300 0.000132
49400 0.000131
49500 0.000139
49600 0.000132
49700 0.00013
49800 0.000131
49900 0.000134
50000 0.000131
50100 0.000134
50200 0.000136
50300 0.000139
50400 0.000132
50500 0.000133
50600 0.000136
50700 0.000133
50800 0.000148
50900 0.000141
51000 0.000139
51100 0.000134
51200 0.000136
51300 0.000136
51400 0.000141
51500 0.000134
51600 0.000147
51700 0.000136
51800 0.000143
51900 0.00014
52000 0.000137
52100 0.000145
52200 0.00015
52300 0.000146
52400 0.000138
52500 0.000139
52600 0.00014
52700 0.000138
52800 0.000139
52900 0.000143
53000 0.000139
53100 0.000139
53200 0.000153
53300 0.00014
53400 0.000141
53500 0.000141
53600 0.000154
53700 0.000143
53800 0.000141
53900 0.000143
54000 0.000143
54100 0.000144
54200 0.000143
54300 0.000166
54400 0.000144
54500 0.000146
54600 0.000147
54700 0.000138
54800 0.000147
54900 0.000149
55000 0.00015
55100 0.000136
55200 0.000141
55300 0.000148
55400 0.000163
55500 0.000169
55600 0.000141
55700 0.000184
55800 0.000191
55900 0.000156
56000 0.000161
56100 0.00014
56200 0.000142
56300 0.00016
56400 0.000145
56500 0.000161
56600 0.000168
56700 0.00017
56800 0.000162
56900 0.000146
57000 0.000157
57100 0.000188
57200 0.000164
57300 0.000183
57400 0.000151
57500 0.000145
57600 0.000151
57700 0.000166
57800 0.000154
57900 0.000182
58000 0.000219
58100 0.000149
58200 0.000195
58300 0.000166
58400 0.000163
58500 0.000154
58600 0.000149
58700 0.000157
58800 0.000149
58900 0.000149
59000 0.00018
59100 0.000191
59200 0.00015
59300 0.000176
59400 0.000156
59500 0.000181
59600 0.000171
59700 0.000181
59800 0.000178
59900 0.000171
60000 0.000188
60100 0.000186
60200 0.000158
60300 0.000166
60400 0.000195
60500 0.000191
60600 0.000189
60700 0.000156
60800 0.000267
60900 0.000177
61000 0.000168
61100 0.000172
61200 0.000172
61300 0.000174
61400 0.000157
61500 0.000186
61600 0.000191
61700 0.000162
61800 0.000164
61900 0.000163
62000 0.000171
62100 0.000166
62200 0.000168
62300 0.000165
62400 0.000167
62500 0.000171
62600 0.000154
62700 0.000197
62800 0.00022
62900 0.000229
63000 0.000167
63100 0.00016
63200 0.000163
63300 0.000191
63400 0.00017
63500 0.000292
63600 0.00018
63700 0.000167
63800 0.000205
63900 0.000171
64000 0.000174
64100 0.000167
64200 0.000171
64300 0.000196
64400 0.000169
64500 0.000238
64600 0.000197
64700 0.000167
64800 0.000199
64900 0.000201
65000 0.000171
65100 0.000204
65200 0.000246
65300 0.000187
65400 0.000174
65500 0.000207
65600 0.000181
65700 0.00018
65800 0.000172
65900 0.000194
66000 0.000186
66100 0.000173
66200 0.000173
66300 0.000174
66400 0.00018
66500 0.000183
66600 0.000188
66700 0.000182
66800 0.000176
66900 0.000187
67000 0.000171
67100 0.00017
67200 0.000179
67300 0.00024
67400 0.000223
67500 0.000172
67600 0.00021
67700 0.000216
67800 0.00018
67900 0.000172
68000 0.000174
68100 0.00018
68200 0.000183
68300 0.000176
68400 0.000197
68500 0.000226
68600 0.000173
68700 0.000183
68800 0.000221
68900 0.000211
69000 0.000221
69100 0.000223
69200 0.000196
69300 0.000183
69400 0.000183
69500 0.000187
69600 0.000189
69700 0.000183
69800 0.000185
69900 0.000193
70000 0.000205
70100 0.000206
70200 0.000185
70300 0.000192
70400 0.000197
70500 0.000173
70600 0.000222
70700 0.00018
70800 0.000222
70900 0.000192
71000 0.000188
71100 0.000192
71200 0.000188
71300 0.000202
71400 0.000191
71500 0.000188
71600 0.000189
71700 0.000193
71800 0.000192
71900 0.000187
72000 0.000207
72100 0.000192
72200 0.000196
72300 0.000209
72400 0.000206
72500 0.000198
72600 0.000199
72700 0.000185
72800 0.000202
72900 0.000216
73000 0.000187
73100 0.000203
73200 0.000223
73300 0.000197
73400 0.000185
73500 0.000206
73600 0.0002
73700 0.000223
73800 0.000203
73900 0.000224
74000 0.000196
74100 0.000199
74200 0.000197
74300 0.000195
74400 0.0002
74500 0.00023
74600 0.000248
74700 0.000229
74800 0.000248
74900 0.000259
75000 0.00019
75100 0.000202
75200 0.000206
75300 0.000229
75400 0.00024
75500 0.000202
75600 0.000209
75700 0.000219
75800 0.000221
75900 0.000204
76000 0.000232
76100 0.000248
76200 0.00021
76300 0.000217
76400 0.000208
76500 0.000214
76600 0.000212
76700 0.000217
76800 0.000195
76900 0.000195
77000 0.000229
77100 0.000232
77200 0.000203
77300 0.000238
77400 0.000222
77500 0.000243
77600 0.00024
77700 0.000207
77800 0.000212
77900 0.000209
78000 0.000208
78100 0.000229
78200 0.000203
78300 0.000207
78400 0.000219
78500 0.000213
78600 0.000211
78700 0.000233
78800 0.000244
78900 0.00025
79000 0.000214
79100 0.000288
79200 0.000214
79300 0.000232
79400 0.000206
79500 0.00022
79600 0.000242
79700 0.000258
79800 0.000224
79900 0.000234
80000 0.000223
80100 0.000212
80200 0.00021
80300 0.000281
80400 0.000267
80500 0.00025
80600 0.000224
80700 0.000225
80800 0.000207
80900 0.000255
81000 0.000212
81100 0.000226
81200 0.000238
81300 0.000211
81400 0.000279
81500 0.00025
81600 0.000213
81700 0.000219
81800 0.000232
81900 0.000207
82000 0.000246
82100 0.000226
82200 0.000208
82300 0.000244
82400 0.00022
82500 0.000288
82600 0.000204
82700 0.000234
82800 0.000254
82900 0.000238
83000 0.000242
83100 0.000227
83200 0.000226
83300 0.000235
83400 0.00025
83500 0.000243
83600 0.000219
83700 0.000219
83800 0.000218
83900 0.000262
84000 0.000236
84100 0.000234
84200 0.000325
84300 0.000299
84400 0.000228
84500 0.000215
84600 0.000254
84700 0.000235
84800 0.000277
84900 0.000216
85000 0.000228
85100 0.000245
85200 0.000225
85300 0.000226
85400 0.000227
85500 0.000233
85600 0.000266
85700 0.000224
85800 0.000228
85900 0.000232
86000 0.000248
86100 0.000227
86200 0.000241
86300 0.000227
86400 0.000302
86500 0.00029
86600 0.000251
86700 0.000246
86800 0.000245
86900 0.000261
87000 0.000241
87100 0.000214
87200 0.000237
87300 0.000256
87400 0.000299
87500 0.000244
87600 0.000251
87700 0.00024
87800 0.000235
87900 0.000231
88000 0.000234
88100 0.000217
88200 0.000309
88300 0.000234
88400 0.000265
88500 0.00026
88600 0.000307
88700 0.000296
88800 0.000242
88900 0.000258
89000 0.000253
89100 0.000237
89200 0.00023
89300 0.000244
89400 0.000231
89500 0.000314
89600 0.000279
89700 0.000248
89800 0.000265
89900 0.000241
90000 0.000293
90100 0.000223
90200 0.000296
90300 0.000237
90400 0.000285
90500 0.000307
90600 0.000327
90700 0.000238
90800 0.000259
90900 0.000387
91000 0.000238
91100 0.00024
91200 0.000257
91300 0.000347
91400 0.000269
91500 0.00024
91600 0.000271
91700 0.00027
91800 0.000234
91900 0.000281
92000 0.000264
92100 0.000317
92200 0.000233
92300 0.000308
92400 0.000235
92500 0.00031
92600 0.000238
92700 0.000265
92800 0.000246
92900 0.000266
93000 0.000281
93100 0.000325
93200 0.000271
93300 0.00025
93400 0.000238
93500 0.000238
93600 0.000248
93700 0.000302
93800 0.000272
93900 0.000304
94000 0.00027
94100 0.000237
94200 0.000278
94300 0.000256
94400 0.000247
94500 0.000261
94600 0.000252
94700 0.000247
94800 0.000252
94900 0.000261
95000 0.000264
95100 0.000327
95200 0.000259
95300 0.000256
95400 0.000253
95500 0.000253
95600 0.000254
95700 0.00027
95800 0.000253
95900 0.000249
96000 0.000252
96100 0.000341
96200 0.00026
96300 0.000257
96400 0.000266
96500 0.000263
96600 0.000263
96700 0.000259
96800 0.000246
96900 0.000278
97000 0.000279
97100 0.000271
97200 0.000256
97300 0.000263
97400 0.000257
97500 0.000258
97600 0.000256
97700 0.000268
97800 0.000305
97900 0.00027
98000 0.000303
98100 0.000339
98200 0.000313
98300 0.000276
98400 0.000265
98500 0.000262
98600 0.000413
98700 0.000263
98800 0.000249
98900 0.000248
99000 0.00027
99100 0.000301
99200 0.000276
99300 0.000265
99400 0.000277
99500 0.000284
99600 0.000253
99700 0.000253
99800 0.000253
99900 0.000271
100000 0.00027
100100 0.000295
100200 0.000253
100300 0.000253
100400 0.000256
100500 0.000267
100600 0.000294
100700 0.000377
100800 0.000348
100900 0.000263
101000 0.000264
101100 0.000273
101200 0.000272
101300 0.000329
101400 0.00025
101500 0.000258
101600 0.000346
101700 0.00027
101800 0.000269
101900 0.000274
102000 0.000261
102100 0.000278
102200 0.000286
102300 0.000271
102400 0.000276
102500 0.000277
102600 0.000269
102700 0.000269
102800 0.000269
102900 0.000289
103000 0.000276
103100 0.000272
103200 0.000271
103300 0.000271
103400 0.000282
103500 0.000276
103600 0.000274
103700 0.000289
103800 0.000285
103900 0.00028
104000 0.000279
104100 0.000313
104200 0.00027
104300 0.000279
104400 0.000265
104500 0.000263
104600 0.000339
104700 0.000322
104800 0.000284
104900 0.000259
105000 0.000268
105100 0.000271
105200 0.000276
105300 0.000286
105400 0.000277
105500 0.000277
105600 0.000276
105700 0.00028
105800 0.000283
105900 0.00028
106000 0.000278
106100 0.000279
106200 0.000301
106300 0.000287
106400 0.000278
106500 0.000288
106600 0.000297
106700 0.000319
106800 0.000261
106900 0.000264
107000 0.00032
107100 0.000284
107200 0.000285
107300 0.00028
107400 0.000305
107500 0.000294
107600 0.000288
107700 0.000283
107800 0.000284
107900 0.000308
108000 0.000296
108100 0.00029
108200 0.000283
108300 0.000286
108400 0.00035
108500 0.000306
108600 0.000294
108700 0.000285
108800 0.00031
108900 0.000302
109000 0.000303
109100 0.00029
109200 0.000286
109300 0.000296
109400 0.000352
109500 0.00033
109600 0.000295
109700 0.000277
109800 0.000331
109900 0.000324
110000 0.000295
110100 0.000361
110200 0.000341
110300 0.000322
110400 0.000298
110500 0.000302
110600 0.000282
110700 0.000316
110800 0.000335
110900 0.000332
111000 0.000336
111100 0.000345
111200 0.000281
111300 0.000308
111400 0.000312
111500 0.000317
111600 0.000284
111700 0.000281
111800 0.000275
111900 0.000341
112000 0.000329
112100 0.000374
112200 0.000285
112300 0.000285
112400 0.000283
112500 0.000284
112600 0.000331
112700 0.000313
112800 0.000302
112900 0.000402
113000 0.000291
113100 0.000299
113200 0.00029
113300 0.000348
113400 0.000279
113500 0.000288
113600 0.000388
113700 0.000315
113800 0.000309
113900 0.000298
114000 0.000326
114100 0.0003
114200 0.000328
114300 0.000307
114400 0.000302
114500 0.000302
114600 0.000312
114700 0.000302
114800 0.000302
114900 0.000308
115000 0.000309
115100 0.000315
115200 0.000321
115300 0.000305
115400 0.000306
115500 0.000341
115600 0.000304
115700 0.000307
115800 0.000294
115900 0.000321
116000 0.000374
116100 0.00033
116200 0.000336
116300 0.000367
116400 0.000295
116500 0.000309
116600 0.000301
116700 0.00046
116800 0.000318
116900 0.000332
117000 0.000322
117100 0.00031
117200 0.000388
117300 0.000355
117400 0.00032
117500 0.000318
117600 0.000335
117700 0.000383
117800 0.000321
117900 0.000314
118000 0.000316
118100 0.000328
118200 0.000323
118300 0.000309
118400 0.000343
118500 0.00031
118600 0.00031
118700 0.000314
118800 0.000314
118900 0.000311
119000 0.000312
119100 0.000313
119200 0.000348
119300 0.000301
119400 0.000332
119500 0.000313
119600 0.000314
119700 0.000315
119800 0.000317
119900 0.000329
120000 0.000307
120100 0.00038
120200 0.00032
120300 0.000338
120400 0.000333
120500 0.000308
120600 0.000333
120700 0.000323
120800 0.000316
120900 0.000366
121000 0.000328
121100 0.000308
121200 0.000374
121300 0.000332
121400 0.000323
121500 0.000329
121600 0.000323
121700 0.000319
121800 0.000318
121900 0.000318
122000 0.000322
122100 0.000326
122200 0.000329
122300 0.000322
122400 0.000326
122500 0.000332
122600 0.00032
122700 0.00032
122800 0.000329
122900 0.000343
123000 0.000328
123100 0.00034
123200 0.000326
123300 0.000349
123400 0.000328
123500 0.000336
123600 0.000326
123700 0.000325
123800 0.000328
123900 0.000389
124000 0.000381
124100 0.000397
124200 0.000314
124300 0.000317
124400 0.000389
124500 0.000374
124600 0.000341
124700 0.000328
124800 0.000321
124900 0.000317
125000 0.000387
125100 0.00033
125200 0.00036
125300 0.000335
125400 0.000335
125500 0.000344
125600 0.000327
125700 0.000337
125800 0.000329
125900 0.000352
126000 0.000363
126100 0.000391
126200 0.000322
126300 0.000371
126400 0.000386
126500 0.000321
126600 0.00032
126700 0.000331
126800 0.000331
126900 0.000374
127000 0.000323
127100 0.000343
127200 0.000343
127300 0.000362
127400 0.000335
127500 0.000334
127600 0.000339
127700 0.000345
127800 0.000405
127900 0.000323
128000 0.000326
128100 0.000346
128200 0.000335
128300 0.000398
128400 0.000383
128500 0.000392
128600 0.00039
128700 0.000378
128800 0.000329
128900 0.000426
129000 0.000466
129100 0.000331
129200 0.000433
129300 0.000341
129400 0.00036
129500 0.000414
129600 0.0004
129700 0.000365
129800 0.000372
129900 0.000347
130000 0.000379
130100 0.000354
130200 0.000338
130300 0.000331
130400 0.000348
130500 0.00035
130600 0.000372
130700 0.000357
130800 0.000349
130900 0.000345
131000 0.000345
131100 0.000354
131200 0.00036
131300 0.000347
131400 0.000354
131500 0.000366
131600 0.00049
131700 0.000393
131800 0.000389
131900 0.000357
132000 0.000358
132100 0.000374
132200 0.000431
132300 0.000445
132400 0.000393
132500 0.000355
132600 0.000375
132700 0.000334
132800 0.000423
132900 0.000379
133000 0.000484
133100 0.000341
133200 0.000338
133300 0.000357
133400 0.000337
133500 0.000356
133600 0.000372
133700 0.0004
133800 0.000339
133900 0.00034
134000 0.000388
134100 0.000391
134200 0.000398
134300 0.000344
134400 0.000363
134500 0.000344
134600 0.000354
134700 0.000368
134800 0.000342
134900 0.00034
135000 0.000345
135100 0.000344
135200 0.000353
135300 0.000367
135400 0.000366
135500 0.000358
135600 0.000355
135700 0.000358
135800 0.000378
135900 0.000347
136000 0.000349
136100 0.000348
136200 0.000345
136300 0.000346
136400 0.000364
136500 0.000346
136600 0.000351
136700 0.000368
136800 0.000485
136900 0.000417
137000 0.000375
137100 0.000388
137200 0.00036
137300 0.000373
137400 0.000411
137500 0.000414
137600 0.000406
137700 0.000465
137800 0.000407
137900 0.000428
138000 0.000388
138100 0.000373
138200 0.00043
138300 0.000417
138400 0.000375
138500 0.000364
138600 0.000371
138700 0.000382
138800 0.000368
138900 0.000438
139000 0.000497
139100 0.000421
139200 0.00045
139300 0.000384
139400 0.000373
139500 0.000383
139600 0.000395
139700 0.000458
139800 0.000433
139900 0.000386
140000 0.000403
140100 0.000389
140200 0.000378
140300 0.000378
140400 0.000374
140500 0.000443
140600 0.000435
140700 0.00036
140800 0.00036
140900 0.000436
141000 0.000484
141100 0.000385
141200 0.000374
141300 0.000369
141400 0.000374
141500 0.000384
141600 0.000389
141700 0.000371
141800 0.000372
141900 0.000374
142000 0.00039
142100 0.000376
142200 0.000364
142300 0.000356
142400 0.000419
142500 0.000394
142600 0.000396
142700 0.000388
142800 0.000493
142900 0.000361
143000 0.00037
143100 0.000414
143200 0.000452
143300 0.000524
143400 0.000354
143500 0.000377
143600 0.000397
143700 0.000365
143800 0.000366
143900 0.000451
144000 0.000486
144100 0.000421
144200 0.000376
144300 0.00038
144400 0.000366
144500 0.000374
144600 0.00051
144700 0.000386
144800 0.000407
144900 0.000372
145000 0.000501
145100 0.000374
145200 0.000368
145300 0.000374
145400 0.000446
145500 0.00039
145600 0.000484
145700 0.000407
145800 0.000382
145900 0.00039
146000 0.000386
146100 0.000385
146200 0.000426
146300 0.000393
146400 0.000392
146500 0.000389
146600 0.000387
146700 0.000459
146800 0.000431
146900 0.000438
147000 0.000375
147100 0.000391
147200 0.000374
147300 0.000404
147400 0.000375
147500 0.00039
147600 0.000441
147700 0.000479
147800 0.000378
147900 0.000378
148000 0.000391
148100 0.00039
148200 0.000388
148300 0.000435
148400 0.000477
148500 0.000438
148600 0.000383
148700 0.000431
148800 0.000394
148900 0.000395
149000 0.000446
149100 0.0004
149200 0.000399
149300 0.000395
149400 0.000438
149500 0.000489
149600 0.000437
149700 0.000397
149800 0.00054
149900 0.000415
150000 0.000393
150100 0.000383
150200 0.000399
150300 0.000383
150400 0.000429
150500 0.000476
150600 0.000451
150700 0.000411
150800 0.000423
150900 0.000422
151000 0.000472
151100 0.000395
151200 0.000394
151300 0.00039
151400 0.000385
151500 0.0004
151600 0.000444
151700 0.00048
151800 0.000526
151900 0.000415
152000 0.000389
152100 0.000439
152200 0.000391
152300 0.000503
152400 0.000515
152500 0.000426
152600 0.00039
152700 0.000459
152800 0.000418
152900 0.000464
153000 0.000399
153100 0.000421
153200 0.00046
153300 0.000464
153400 0.000518
153500 0.000491
153600 0.000436
153700 0.000393
153800 0.000402
153900 0.000419
154000 0.000396
154100 0.000491
154200 0.000391
154300 0.000399
154400 0.000391
154500 0.000391
154600 0.000461
154700 0.000421
154800 0.000487
154900 0.0004
155000 0.000417
155100 0.000428
155200 0.000456
155300 0.000422
155400 0.00041
155500 0.000435
155600 0.000407
155700 0.000425
155800 0.00041
155900 0.000476
156000 0.000498
156100 0.000399
156200 0.00042
156300 0.000474
156400 0.000456
156500 0.000451
156600 0.000399
156700 0.000425
156800 0.000423
156900 0.000424
157000 0.0005
157100 0.000477
157200 0.000397
157300 0.000411
157400 0.000447
157500 0.000458
157600 0.000512
157700 0.000462
157800 0.000426
157900 0.000461
158000 0.000445
158100 0.000506
158200 0.000442
158300 0.000404
158400 0.000429
158500 0.000408
158600 0.000404
158700 0.000389
158800 0.000508
158900 0.000437
159000 0.00042
159100 0.000537
159200 0.00043
159300 0.000432
159400 0.000422
159500 0.000426
159600 0.000406
159700 0.000407
159800 0.0005
159900 0.000457
160000 0.000497
160100 0.000501
160200 0.000492
160300 0.000409
160400 0.000448
160500 0.000417
160600 0.000439
160700 0.000407
160800 0.000421
160900 0.000477
161000 0.00051
161100 0.000437
161200 0.000511
161300 0.000435
161400 0.000423
161500 0.000417
161600 0.000407
161700 0.000434
161800 0.000456
161900 0.000428
162000 0.000436
162100 0.000413
162200 0.000412
162300 0.000454
162400 0.00041
162500 0.000447
162600 0.00044
162700 0.000441
162800 0.000429
162900 0.000502
163000 0.000492
163100 0.000505
163200 0.00045
163300 0.000413
163400 0.000419
163500 0.000438
163600 0.000497
163700 0.000493
163800 0.000456
163900 0.000483
164000 0.000444
164100 0.000458
164200 0.000419
164300 0.000433
164400 0.000444
164500 0.000448
164600 0.000448
164700 0.000458
164800 0.000447
164900 0.000447
165000 0.000438
165100 0.000463
165200 0.000445
165300 0.000437
165400 0.000424
165500 0.000468
165600 0.000492
165700 0.000513
165800 0.000449
165900 0.000444
166000 0.000468
166100 0.000468
166200 0.000473
166300 0.000423
166400 0.000437
166500 0.000504
166600 0.000442
166700 0.000516
166800 0.000447
166900 0.000456
167000 0.000417
167100 0.000479
167200 0.000468
167300 0.000486
167400 0.000435
167500 0.000463
167600 0.000509
167700 0.000459
167800 0.000469
167900 0.000462
168000 0.000446
168100 0.000442
168200 0.000429
168300 0.000512
168400 0.000552
168500 0.000476
168600 0.000544
168700 0.000471
168800 0.000495
168900 0.000422
169000 0.000456
169100 0.000474
169200 0.00043
169300 0.000491
169400 0.000463
169500 0.000541
169600 0.000466
169700 0.000463
169800 0.000534
169900 0.000495
170000 0.000506
170100 0.000564
170200 0.00043
170300 0.000485
170400 0.000487
170500 0.000466
170600 0.000497
170700 0.000509
170800 0.000621
170900 0.000436
171000 0.000451
171100 0.000501
171200 0.000503
171300 0.000466
171400 0.000442
171500 0.000502
171600 0.000552
171700 0.000442
171800 0.000483
171900 0.000436
172000 0.000503
172100 0.000463
172200 0.000492
172300 0.00047
172400 0.000461
172500 0.000443
172600 0.000462
172700 0.000458
172800 0.00053
172900 0.000569
173000 0.000449
173100 0.000484
173200 0.000463
173300 0.000495
173400 0.000469
173500 0.000513
173600 0.000508
173700 0.000575
173800 0.000506
173900 0.000474
174000 0.000443
174100 0.000456
174200 0.000462
174300 0.000457
174400 0.00046
174500 0.000483
174600 0.000471
174700 0.000514
174800 0.000484
174900 0.000495
175000 0.000478
175100 0.00058
175200 0.000462
175300 0.00046
175400 0.000476
175500 0.000504
175600 0.000507
175700 0.000482
175800 0.00048
175900 0.000481
176000 0.000446
176100 0.000497
176200 0.000548
176300 0.000623
176400 0.000453
176500 0.00048
176600 0.000459
176700 0.000451
176800 0.000459
176900 0.000456
177000 0.000536
177100 0.00047
177200 0.000452
177300 0.000452
177400 0.000449
177500 0.000451
177600 0.000457
177700 0.000486
177800 0.000504
177900 0.000488
178000 0.000518
178100 0.000467
178200 0.000571
178300 0.000494
178400 0.000458
178500 0.000453
178600 0.0005
178700 0.000473
178800 0.000494
178900 0.000566
179000 0.000472
179100 0.000481
179200 0.000481
179300 0.000482
179400 0.000496
179500 0.00048
179600 0.000508
179700 0.000494
179800 0.000459
179900 0.000495
180000 0.000461
180100 0.000491
180200 0.000576
180300 0.000494
180400 0.000535
180500 0.000554
180600 0.000492
180700 0.000507
180800 0.000553
180900 0.000457
181000 0.000478
181100 0.000492
181200 0.0005
181300 0.000542
181400 0.000552
181500 0.00065
181600 0.000561
181700 0.000466
181800 0.000541
181900 0.000699
182000 0.000464
182100 0.000464
182200 0.000516
182300 0.000462
182400 0.000606
182500 0.000489
182600 0.000583
182700 0.000678
182800 0.000568
182900 0.000518
183000 0.000511
183100 0.000481
183200 0.000502
183300 0.000509
183400 0.000488
183500 0.000474
183600 0.000614
183700 0.000499
183800 0.00052
183900 0.000499
184000 0.000643
184100 0.000603
184200 0.000473
184300 0.000468
184400 0.00049
184500 0.000481
184600 0.000493
184700 0.000491
184800 0.000474
184900 0.000608
185000 0.000556
185100 0.000584
185200 0.000684
185300 0.000584
185400 0.000515
185500 0.000497
185600 0.000556
185700 0.000518
185800 0.000599
185900 0.000515
186000 0.00059
186100 0.000517
186200 0.000564
186300 0.000521
186400 0.000479
186500 0.00058
186600 0.000534
186700 0.000476
186800 0.000567
186900 0.000514
187000 0.000478
187100 0.000496
187200 0.000519
187300 0.000493
187400 0.000484
187500 0.000626
187600 0.000517
187700 0.000579
187800 0.000607
187900 0.000583
188000 0.00052
188100 0.000504
188200 0.000495
188300 0.00063
188400 0.00048
188500 0.000498
188600 0.000507
188700 0.00057
188800 0.000519
188900 0.000504
189000 0.000504
189100 0.000536
189200 0.00052
189300 0.000521
189400 0.00053
189500 0.000501
189600 0.000502
189700 0.000502
189800 0.000528
189900 0.000613
190000 0.000608
190100 0.000585
190200 0.000501
190300 0.000512
190400 0.000528
190500 0.000493
190600 0.000486
190700 0.000484
190800 0.000484
190900 0.000558
191000 0.000529
191100 0.000608
191200 0.000503
191300 0.000504
191400 0.000506
191500 0.00051
191600 0.000589
191700 0.00058
191800 0.000576
191900 0.000528
192000 0.000509
192100 0.000489
192200 0.000504
192300 0.00049
192400 0.000544
192500 0.000515
192600 0.000577
192700 0.000533
192800 0.000638
192900 0.000598
193000 0.000588
193100 0.000602
193200 0.000522
193300 0.000539
193400 0.00051
193500 0.000526
193600 0.000496
193700 0.00049
193800 0.000555
193900 0.000494
194000 0.000527
194100 0.000571
194200 0.000553
194300 0.000536
194400 0.000513
194500 0.000514
194600 0.000512
194700 0.00053
194800 0.000534
194900 0.000518
195000 0.000525
195100 0.000609
195200 0.000605
195300 0.000596
195400 0.00055
195500 0.000576
195600 0.000631
195700 0.000513
195800 0.000547
195900 0.000495
196000 0.000505
196100 0.000557
196200 0.000497
196300 0.000686
196400 0.000535
196500 0.000498
196600 0.000579
196700 0.00052
196800 0.000528
196900 0.000533
197000 0.000546
197100 0.000625
197200 0.000564
197300 0.000504
197400 0.000552
197500 0.000611
197600 0.000531
197700 0.000522
197800 0.000534
197900 0.000586
198000 0.000629
198100 0.000512
198200 0.000571
198300 0.000512
198400 0.000541
198500 0.000601
198600 0.000522
198700 0.000537
198800 0.00054
198900 0.000529
199000 0.000545
199100 0.000535
199200 0.000699
199300 0.000505
199400 0.00053
199500 0.000537
199600 0.000505
199700 0.000508
199800 0.000526
199900 0.000495
200000 0.000529
200100 0.000538
200200 0.000564
200300 0.000575
200400 0.000718
200500 0.000578
200600 0.000664
200700 0.00055
200800 0.000724
200900 0.000584
201000 0.000514
201100 0.000557
201200 0.000515
201300 0.000523
201400 0.000512
201500 0.000619
201600 0.000547
201700 0.000573
201800 0.00054
201900 0.000539
202000 0.000619
202100 0.000534
202200 0.00057
202300 0.000555
202400 0.000573
202500 0.000529
202600 0.000538
202700 0.000546
202800 0.000641
202900 0.000542
203000 0.000575
203100 0.000595
203200 0.000553
203300 0.000633
203400 0.000521
203500 0.000521
203600 0.000523
203700 0.000536
203800 0.000549
203900 0.000567
204000 0.000563
204100 0.000565
204200 0.000561
204300 0.000584
204400 0.000562
204500 0.000526
204600 0.000562
204700 0.000523
204800 0.000539
204900 0.000593
205000 0.000544
205100 0.000604
205200 0.000631
205300 0.000678
205400 0.000583
205500 0.000579
205600 0.000556
205700 0.000531
205800 0.000579
205900 0.000578
206000 0.000546
206100 0.000567
206200 0.000564
206300 0.000563
206400 0.000561
206500 0.000547
206600 0.000597
206700 0.000533
206800 0.000531
206900 0.000534
207000 0.000553
207100 0.000548
207200 0.000566
207300 0.000702
207400 0.000592
207500 0.000561
207600 0.000598
207700 0.000697
207800 0.000602
207900 0.00062
208000 0.000566
208100 0.000608
208200 0.000709
208300 0.0006
208400 0.000558
208500 0.000533
208600 0.000538
208700 0.000604
208800 0.000541
208900 0.000534
209000 0.000537
209100 0.000584
209200 0.000562
209300 0.000595
209400 0.000539
209500 0.000602
209600 0.000628
209700 0.000573
209800 0.000567
209900 0.000595
210000 0.000577
210100 0.000567
210200 0.000535
210300 0.000576
210400 0.000583
210500 0.000605
210600 0.000686
210700 0.00064
210800 0.000539
210900 0.000606
211000 0.00057
211100 0.000602
211200 0.000553
211300 0.000539
211400 0.000582
211500 0.000567
211600 0.00054
211700 0.000585
211800 0.000566
211900 0.000609
212000 0.000617
212100 0.000629
212200 0.000666
212300 0.00061
212400 0.00056
212500 0.000608
212600 0.000544
212700 0.000554
212800 0.000618
212900 0.000631
213000 0.000589
213100 0.000584
213200 0.000594
213300 0.000709
213400 0.000693
213500 0.000606
213600 0.000674
213700 0.000669
213800 0.000611
213900 0.000697
214000 0.000576
214100 0.000571
214200 0.000649
214300 0.000597
214400 0.000681
214500 0.00062
214600 0.000595
214700 0.000624
214800 0.000651
214900 0.000614
215000 0.0006
215100 0.000637
215200 0.000694
215300 0.00056
215400 0.000581
215500 0.000549
215600 0.000559
215700 0.000583
215800 0.000548
215900 0.000642
216000 0.000558
216100 0.000725
216200 0.000587
216300 0.000577
216400 0.000586
216500 0.000537
216600 0.000594
216700 0.0006
216800 0.000603
216900 0.000555
217000 0.000573
217100 0.000592
217200 0.000561
217300 0.000584
217400 0.000592
217500 0.000594
217600 0.0006
217700 0.000558
217800 0.000573
217900 0.000578
218000 0.000588
218100 0.00061
218200 0.000693
218300 0.000638
218400 0.000673
218500 0.000804
218600 0.000628
218700 0.000613
218800 0.000562
218900 0.000568
219000 0.000556
219100 0.000558
219200 0.000599
219300 0.000542
219400 0.000573
219500 0.000557
219600 0.000687
219700 0.000604
219800 0.000604
219900 0.000558
220000 0.000594
220100 0.000601
220200 0.000604
220300 0.000603
220400 0.000603
220500 0.000652
220600 0.000674
220700 0.000563
220800 0.000607
220900 0.000586
221000 0.000559
221100 0.000579
221200 0.000602
221300 0.000565
221400 0.000584
221500 0.000567
221600 0.000567
221700 0.00065
221800 0.000567
221900 0.000606
222000 0.0006
222100 0.000633
222200 0.000586
222300 0.000744
222400 0.000721
222500 0.000614
222600 0.000666
222700 0.000702
222800 0.000609
222900 0.000575
223000 0.000582
223100 0.000618
223200 0.000578
223300 0.000631
223400 0.000568
223500 0.000589
223600 0.000627
223700 0.000571
223800 0.000609
223900 0.000573
224000 0.000569
224100 0.000614
224200 0.000574
224300 0.000573
224400 0.000584
224500 0.000573
224600 0.000709
224700 0.000584
224800 0.000585
224900 0.000594
225000 0.000575
225100 0.000677
225200 0.000609
225300 0.000582
225400 0.000627
225500 0.000638
225600 0.000642
225700 0.000581
225800 0.00062
225900 0.000635
226000 0.000596
226100 0.000614
226200 0.000599
226300 0.000645
226400 0.000644
226500 0.0006
226600 0.000726
226700 0.00062
226800 0.000606
226900 0.000682
227000 0.000642
227100 0.000632
227200 0.000586
227300 0.000716
227400 0.000649
227500 0.000659
227600 0.000633
227700 0.000623
227800 0.000663
227900 0.000694
228000 0.000586
228100 0.000587
228200 0.0006
228300 0.000592
228400 0.000586
228500 0.000649
228600 0.000591
228700 0.000712
228800 0.000631
228900 0.000584
229000 0.00062
229100 0.000591
229200 0.000593
229300 0.000644
229400 0.000585
229500 0.000622
229600 0.000611
229700 0.000621
229800 0.000647
229900 0.000708
230000 0.000594
230100 0.000588
230200 0.000587
230300 0.000587
230400 0.000631
230500 0.000596
230600 0.000594
230700 0.000609
230800 0.000607
230900 0.000623
231000 0.000614
231100 0.000609
231200 0.000637
231300 0.000723
231400 0.000641
231500 0.00071
231600 0.000709
231700 0.000614
231800 0.000636
231900 0.000625
232000 0.000681
232100 0.000663
232200 0.000743
232300 0.000647
232400 0.000715
232500 0.000731
232600 0.000694
232700 0.000723
232800 0.000796
232900 0.000652
233000 0.00058
233100 0.000661
233200 0.000631
233300 0.000745
233400 0.000824
233500 0.000603
233600 0.000705
233700 0.000721
233800 0.000732
233900 0.00074
234000 0.000644
234100 0.000666
234200 0.000735
234300 0.000745
234400 0.000738
234500 0.000695
234600 0.000738
234700 0.000743
234800 0.000626
234900 0.000637
235000 0.000641
235100 0.000637
235200 0.00063
235300 0.000644
235400 0.000635
235500 0.000636
235600 0.000629
235700 0.000628
235800 0.000655
235900 0.000629
236000 0.000634
236100 0.000649
236200 0.000631
236300 0.000655
236400 0.000807
236500 0.000674
236600 0.000636
236700 0.00069
236800 0.000684
236900 0.000701
237000 0.000729
237100 0.000705
237200 0.000646
237300 0.000716
237400 0.000667
237500 0.000615
237600 0.000696
237700 0.000673
237800 0.000621
237900 0.000754
238000 0.000645
238100 0.000637
238200 0.000696
238300 0.000611
238400 0.000739
238500 0.000654
238600 0.000676
238700 0.000806
238800 0.000609
238900 0.000668
239000 0.000641
239100 0.000633
239200 0.000608
239300 0.000648
239400 0.000647
239500 0.000659
239600 0.000647
239700 0.000612
239800 0.00074
239900 0.000648
240000 0.000616
240100 0.000684
240200 0.000614
240300 0.000662
240400 0.000672
240500 0.000691
240600 0.000655
240700 0.000678
240800 0.000613
240900 0.000678
241000 0.000769
241100 0.000668
241200 0.000714
241300 0.000641
241400 0.000719
241500 0.000694
241600 0.000681
241700 0.000722
241800 0.000667
241900 0.000668
242000 0.000643
242100 0.000649
242200 0.000749
242300 0.000649
242400 0.000665
242500 0.000658
242600 0.000639
242700 0.000658
242800 0.000639
242900 0.00068
243000 0.000663
243100 0.000642
243200 0.000648
243300 0.000672
243400 0.000666
243500 0.000704
243600 0.000643
243700 0.000654
243800 0.000657
243900 0.000661
244000 0.000689
244100 0.000693
244200 0.00079
244300 0.00069
244400 0.000666
244500 0.000661
244600 0.000656
244700 0.000653
244800 0.000656
244900 0.000645
245000 0.000628
245100 0.000724
245200 0.000703
245300 0.000716
245400 0.000655
245500 0.000654
245600 0.000655
245700 0.000646
245800 0.000647
245900 0.000665
246000 0.000666
246100 0.000746
246200 0.000675
246300 0.000693
246400 0.000627
246500 0.000704
246600 0.000681
246700 0.000697
246800 0.000723
246900 0.00063
247000 0.000681
247100 0.00068
247200 0.000715
247300 0.000695
247400 0.000703
247500 0.000669
247600 0.000725
247700 0.000702
247800 0.000665
247900 0.000664
248000 0.000676
248100 0.000651
248200 0.000731
248300 0.000681
248400 0.000673
248500 0.000829
248600 0.000685
248700 0.000667
248800 0.000683
248900 0.000684
249000 0.000709
249100 0.000684
249200 0.000767
249300 0.000734
249400 0.00073
249500 0.00067
249600 0.000749
249700 0.000881
249800 0.000716
249900 0.000718
250000 0.000714
250100 0.000755
250200 0.00072
250300 0.000806
250400 0.000722
250500 0.000666
250600 0.000767
250700 0.00069
250800 0.000732
250900 0.000715
251000 0.000734
251100 0.000674
251200 0.000755
251300 0.000652
251400 0.000699
251500 0.000722
251600 0.000818
251700 0.000741
251800 0.00075
251900 0.000675
252000 0.000703
252100 0.00071
252200 0.000745
252300 0.000694
252400 0.000686
252500 0.000708
252600 0.000696
252700 0.000688
252800 0.000715
252900 0.000707
253000 0.000892
253100 0.000673
253200 0.00068
253300 0.000845
253400 0.000677
253500 0.000715
253600 0.000709
253700 0.000672
253800 0.000801
253900 0.00075
254000 0.000678
254100 0.000722
254200 0.000728
254300 0.000811
254400 0.000691
254500 0.00067
254600 0.000706
254700 0.00067
254800 0.000796
254900 0.000758
255000 0.000842
255100 0.000701
255200 0.000783
255300 0.000732
255400 0.000698
255500 0.000706
255600 0.000802
255700 0.000695
255800 0.000813
255900 0.000695
256000 0.000701
256100 0.00078
256200 0.000724
256300 0.000699
256400 0.000719
256500 0.000707
256600 0.000697
256700 0.000696
256800 0.0007
256900 0.000683
257000 0.000704
257100 0.000725
257200 0.000699
257300 0.00077
257400 0.000772
257500 0.000814
257600 0.000796
257700 0.000735
257800 0.000767
257900 0.000695
258000 0.000748
258100 0.000699
258200 0.000717
258300 0.000728
258400 0.000651
258500 0.000668
258600 0.00066
258700 0.000663
258800 0.00066
258900 0.000687
259000 0.000691
259100 0.000698
259200 0.000696
259300 0.000697
259400 0.000696
259500 0.000685
259600 0.000694
259700 0.000679
259800 0.000705
259900 0.000895
260000 0.000853
260100 0.0008
260200 0.000781
260300 0.000747
260400 0.0007
260500 0.000713
260600 0.000704
260700 0.000702
260800 0.000702
260900 0.000745
261000 0.000731
261100 0.000771
261200 0.000693
261300 0.000697
261400 0.000697
261500 0.000698
261600 0.000698
261700 0.000706
261800 0.000696
261900 0.000692
262000 0.000703
262100 0.000698
262200 0.0007
262300 0.000701
262400 0.00072
262500 0.000667
262600 0.000668
262700 0.000732
262800 0.000705
262900 0.00065
263000 0.000716
263100 0.000767
263200 0.000813
263300 0.000705
263400 0.000758
263500 0.00076
263600 0.000762
263700 0.000674
263800 0.000755
263900 0.000744
264000 0.000895
264100 0.000744
264200 0.00073
264300 0.000708
264400 0.000729
264500 0.000701
264600 0.000702
264700 0.000683
264800 0.000719
264900 0.000707
265000 0.000755
265100 0.000713
265200 0.000701
265300 0.000702
265400 0.000687
265500 0.00077
265600 0.000712
265700 0.000691
265800 0.000896
265900 0.00074
266000 0.000848
266100 0.000818
266200 0.000829
266300 0.000813
266400 0.000735
266500 0.000899
266600 0.000914
266700 0.00068
266800 0.000713
266900 0.000695
267000 0.000684
267100 0.000708
267200 0.000731
267300 0.000725
267400 0.000844
267500 0.00068
267600 0.00071
267700 0.000707
267800 0.000708
267900 0.000683
268000 0.00073
268100 0.00067
268200 0.000752
268300 0.000683
268400 0.000715
268500 0.000685
268600 0.000762
268700 0.000683
268800 0.000772
268900 0.000807
269000 0.000766
269100 0.000738
269200 0.00093
269300 0.000772
269400 0.000696
269500 0.000731
269600 0.000736
269700 0.000699
269800 0.000692
269900 0.000729
270000 0.000713
270100 0.000689
270200 0.00069
270300 0.000712
270400 0.000768
270500 0.000705
270600 0.000693
270700 0.000719
270800 0.000714
270900 0.000731
271000 0.000785
271100 0.000788
271200 0.000774
271300 0.000863
271400 0.000823
271500 0.000878
271600 0.000692
271700 0.000754
271800 0.000705
271900 0.000703
272000 0.000737
272100 0.000771
272200 0.000697
272300 0.000702
272400 0.000869
272500 0.000754
272600 0.000695
272700 0.00068
272800 0.000842
272900 0.000699
273000 0.00074
273100 0.000697
273200 0.000848
273300 0.000751
273400 0.000809
273500 0.001009
273600 0.000772
273700 0.000806
273800 0.000724
273900 0.000731
274000 0.000732
274100 0.000729
274200 0.000743
274300 0.000781
274400 0.000748
274500 0.000709
274600 0.000742
274700 0.000755
274800 0.000708
274900 0.000703
275000 0.000718
275100 0.000763
275200 0.000768
275300 0.000755
275400 0.000874
275500 0.00081
275600 0.000717
275700 0.00074
275800 0.00077
275900 0.000743
276000 0.000749
276100 0.000841
276200 0.000822
276300 0.00081
276400 0.000755
276500 0.000793
276600 0.000772
276700 0.000745
276800 0.000767
276900 0.00074
277000 0.000759
277100 0.000709
277200 0.000801
277300 0.000882
277400 0.000834
277500 0.000711
277600 0.000835
277700 0.00076
277800 0.000749
277900 0.000751
278000 0.000758
278100 0.000727
278200 0.000751
278300 0.000967
278400 0.000845
278500 0.000714
278600 0.000721
278700 0.000849
278800 0.000783
278900 0.000862
279000 0.000703
279100 0.000725
279200 0.000824
279300 0.000762
279400 0.00071
279500 0.000724
279600 0.0007
279700 0.000719
279800 0.000878
279900 0.000763
280000 0.000791
280100 0.000796
280200 0.00084
280300 0.000787
280400 0.000745
280500 0.000749
280600 0.000757
280700 0.000785
280800 0.000744
280900 0.000744
281000 0.000739
281100 0.000745
281200 0.000766
281300 0.000811
281400 0.000879
281500 0.000898
281600 0.000704
281700 0.000914
281800 0.000747
281900 0.000745
282000 0.000721
282100 0.000894
282200 0.000725
282300 0.000886
282400 0.000876
282500 0.000859
282600 0.000767
282700 0.000722
282800 0.000805
282900 0.000822
283000 0.000723
283100 0.000727
283200 0.000788
283300 0.000803
283400 0.000867
283500 0.000756
283600 0.000723
283700 0.000765
283800 0.000859
283900 0.000802
284000 0.000786
284100 0.000768
284200 0.000794
284300 0.00079
284400 0.000852
284500 0.000809
284600 0.000763
284700 0.00086
284800 0.000753
284900 0.00082
285000 0.000757
285100 0.000761
285200 0.000765
285300 0.000751
285400 0.000797
285500 0.000884
285600 0.000714
285700 0.000778
285800 0.0008
285900 0.000795
286000 0.000823
286100 0.000781
286200 0.000893
286300 0.000739
286400 0.000891
286500 0.000798
286600 0.000886
286700 0.000733
286800 0.000743
286900 0.000732
287000 0.000729
287100 0.000767
287200 0.000849
287300 0.00083
287400 0.001022
287500 0.0008
287600 0.000735
287700 0.000946
287800 0.000738
287900 0.000747
288000 0.00075
288100 0.000798
288200 0.000737
288300 0.000774
288400 0.000788
288500 0.000739
288600 0.000814
288700 0.00084
288800 0.000941
288900 0.000971
289000 0.000743
289100 0.001111
289200 0.000774
289300 0.000883
289400 0.000801
289500 0.000883
289600 0.000741
289700 0.000776
289800 0.000754
289900 0.000805
290000 0.000775
290100 0.000778
290200 0.000783
290300 0.000783
290400 0.000783
290500 0.000752
290600 0.000814
290700 0.000724
290800 0.000797
290900 0.000904
291000 0.000787
291100 0.000741
291200 0.000858
291300 0.000872
291400 0.00078
291500 0.000899
291600 0.000766
291700 0.000846
291800 0.000748
291900 0.000736
292000 0.000782
292100 0.00075
292200 0.000815
292300 0.00078
292400 0.000784
292500 0.000908
292600 0.000897
292700 0.00093
292800 0.000894
292900 0.000865
293000 0.000852
293100 0.000801
293200 0.000809
293300 0.000785
293400 0.000749
293500 0.00089
293600 0.000773
293700 0.000755
293800 0.000794
293900 0.000817
294000 0.000891
294100 0.000762
294200 0.000796
294300 0.000753
294400 0.00079
294500 0.000794
294600 0.000797
294700 0.000793
294800 0.000827
294900 0.000839
295000 0.000765
295100 0.000791
295200 0.000763
295300 0.000765
295400 0.000795
295500 0.000865
295600 0.000979
295700 0.000832
295800 0.000756
295900 0.000814
296000 0.00085
296100 0.000911
296200 0.000864
296300 0.000989
296400 0.000772
296500 0.000789
296600 0.000795
296700 0.000759
296800 0.000805
296900 0.00081
297000 0.000777
297100 0.000856
297200 0.000788
297300 0.00084
297400 0.00085
297500 0.000782
297600 0.000941
297700 0.000754
297800 0.000763
297900 0.000764
298000 0.00088
298100 0.000958
298200 0.00089
298300 0.000841
298400 0.000833
298500 0.000801
298600 0.000839
298700 0.000783
298800 0.00084
298900 0.000815
299000 0.000906
299100 0.000793
299200 0.000766
299300 0.000803
299400 0.000818
299500 0.000771
299600 0.000892
299700 0.000807
299800 0.000839
299900 0.000899
300000 0.000806
300100 0.000768
300200 0.000803
300300 0.000885
300400 0.000812
300500 0.000787
300600 0.000798
300700 0.00082
300800 0.00094
300900 0.000801
301000 0.000801
301100 0.000777
301200 0.000926
301300 0.000778
301400 0.000808
301500 0.000812
301600 0.000772
301700 0.000868
301800 0.000817
301900 0.000868
302000 0.000882
302100 0.000924
302200 0.000919
302300 0.001001
302400 0.000952
302500 0.000789
302600 0.000813
302700 0.000856
302800 0.000808
302900 0.000768
303000 0.000811
303100 0.000788
303200 0.000898
303300 0.000823
303400 0.000808
303500 0.001009
303600 0.000835
303700 0.000987
303800 0.000795
303900 0.000882
304000 0.000823
304100 0.000776
304200 0.000789
304300 0.000814
304400 0.000924
304500 0.000911
304600 0.00082
304700 0.00083
304800 0.000778
304900 0.000889
305000 0.000859
305100 0.000799
305200 0.000827
305300 0.000823
305400 0.00082
305500 0.000825
305600 0.000779
305700 0.000786
305800 0.000885
305900 0.000823
306000 0.000824
306100 0.000816
306200 0.000806
306300 0.000854
306400 0.000853
306500 0.000839
306600 0.000791
306700 0.000961
306800 0.000834
306900 0.001027
307000 0.000784
307100 0.000842
307200 0.000804
307300 0.000787
307400 0.000769
307500 0.00082
307600 0.00093
307700 0.00079
307800 0.000792
307900 0.001078
308000 0.000864
308100 0.000878
308200 0.000829
308300 0.000822
308400 0.000949
308500 0.000834
308600 0.000833
308700 0.000917
308800 0.000807
308900 0.00086
309000 0.000913
309100 0.000942
309200 0.00093
309300 0.000791
309400 0.001029
309500 0.000862
309600 0.000906
309700 0.000965
309800 0.00094
309900 0.000868
310000 0.000828
310100 0.000979
310200 0.000932
310300 0.000853
310400 0.000932
310500 0.000841
310600 0.000823
310700 0.000863
310800 0.000828
310900 0.000825
311000 0.000847
311100 0.0009
311200 0.000842
311300 0.000842
311400 0.000837
311500 0.000792
311600 0.000784
311700 0.000803
311800 0.000809
311900 0.000801
312000 0.000846
312100 0.000855
312200 0.000909
312300 0.001056
312400 0.00083
312500 0.001005
312600 0.000844
312700 0.000805
312800 0.001001
312900 0.000825
313000 0.00091
313100 0.000967
313200 0.000931
313300 0.000837
313400 0.000855
313500 0.000807
313600 0.000802
313700 0.000889
313800 0.000845
313900 0.00082
314000 0.000971
314100 0.000812
314200 0.000859
314300 0.000861
314400 0.000848
314500 0.000865
314600 0.000897
314700 0.000864
314800 0.001036
314900 0.000887
315000 0.000897
315100 0.000844
315200 0.000838
315300 0.000815
315400 0.00082
315500 0.000809
315600 0.000811
315700 0.000843
315800 0.000953
315900 0.000814
316000 0.00081
316100 0.000851
316200 0.000843
316300 0.000851
316400 0.00084
316500 0.000837
316600 0.000794
316700 0.000961
316800 0.000857
316900 0.000902
317000 0.001128
317100 0.000866
317200 0.000851
317300 0.000936
317400 0.000824
317500 0.000813
317600 0.000839
317700 0.000815
317800 0.000904
317900 0.000899
318000 0.000836
318100 0.000877
318200 0.000816
318300 0.00082
318400 0.00095
318500 0.000983
318600 0.000809
318700 0.000917
318800 0.000826
318900 0.000826
319000 0.000832
319100 0.000917
319200 0.000851
319300 0.000824
319400 0.001038
319500 0.000865
319600 0.000863
319700 0.000822
319800 0.001056
319900 0.000825
320000 0.000821
320100 0.000939
320200 0.000929
320300 0.000823
320400 0.000819
320500 0.000817
320600 0.000857
320700 0.000826
320800 0.000926
320900 0.000861
321000 0.001002
321100 0.000985
321200 0.000857
321300 0.000823
321400 0.000831
321500 0.000887
321600 0.001048
321700 0.000932
321800 0.000969
321900 0.000871
322000 0.000851
322100 0.001003
322200 0.000869
322300 0.000939
322400 0.000958
322500 0.000854
322600 0.000866
322700 0.001097
322800 0.000859
322900 0.000875
323000 0.001053
323100 0.000864
323200 0.000826
323300 0.000829
323400 0.000862
323500 0.000908
323600 0.000813
323700 0.000897
323800 0.000967
323900 0.000937
324000 0.000831
324100 0.000833
324200 0.000808
324300 0.00099
324400 0.000845
324500 0.00094
324600 0.000865
324700 0.00084
324800 0.000881
324900 0.000901
325000 0.00087
325100 0.001169
325200 0.000911
325300 0.001011
325400 0.001007
325500 0.000919
325600 0.000943
325700 0.001036
325800 0.000886
325900 0.000942
326000 0.000877
326100 0.000839
326200 0.000834
326300 0.000819
326400 0.000873
326500 0.000891
326600 0.000815
326700 0.000832
326800 0.001158
326900 0.000878
327000 0.000869
327100 0.001014
327200 0.00087
327300 0.000843
327400 0.000888
327500 0.000911
327600 0.000843
327700 0.000886
327800 0.000982
327900 0.000895
328000 0.000875
328100 0.000839
328200 0.000968
328300 0.000844
328400 0.00092
328500 0.000878
328600 0.000844
328700 0.000843
328800 0.000844
328900 0.001007
329000 0.000857
329100 0.000846
329200 0.000847
329300 0.00089
329400 0.000845
329500 0.000862
329600 0.000942
329700 0.000878
329800 0.000885
329900 0.000874
330000 0.000895
330100 0.000892
330200 0.000847
330300 0.000971
330400 0.00098
330500 0.000889
330600 0.000844
330700 0.000991
330800 0.000884
330900 0.000926
331000 0.000853
331100 0.00085
331200 0.000942
331300 0.000852
331400 0.001017
331500 0.00093
331600 0.000847
331700 0.000953
331800 0.000857
331900 0.000851
332000 0.000862
332100 0.000935
332200 0.000886
332300 0.00085
332400 0.000898
332500 0.000906
332600 0.000973
332700 0.000858
332800 0.001081
332900 0.000913
333000 0.000887
333100 0.000899
333200 0.00093
333300 0.000889
333400 0.000851
333500 0.000923
333600 0.000857
333700 0.000852
333800 0.000885
333900 0.000937
334000 0.000997
334100 0.00086
334200 0.000929
334300 0.000892
334400 0.000858
334500 0.00089
334600 0.000859
334700 0.000892
334800 0.001029
334900 0.00113
335000 0.000927
335100 0.000887
335200 0.000864
335300 0.000901
335400 0.001064
335500 0.000918
335600 0.000941
335700 0.001016
335800 0.000897
335900 0.001
336000 0.000866
336100 0.001039
336200 0.000931
336300 0.000958
336400 0.000937
336500 0.000861
336600 0.000886
336700 0.000864
336800 0.000912
336900 0.00086
337000 0.000891
337100 0.00089
337200 0.000967
337300 0.000865
337400 0.000903
337500 0.000903
337600 0.000866
337700 0.000847
337800 0.000962
337900 0.000903
338000 0.000899
338100 0.000863
338200 0.000913
338300 0.000888
338400 0.000916
338500 0.000869
338600 0.000933
338700 0.000909
338800 0.000886
338900 0.000899
339000 0.000866
339100 0.000939
339200 0.001088
339300 0.001145
339400 0.000874
339500 0.000911
339600 0.000938
339700 0.001097
339800 0.000933
339900 0.00095
340000 0.00105
340100 0.000869
340200 0.000901
340300 0.000881
340400 0.00103
340500 0.000889
340600 0.00091
340700 0.000949
340800 0.000915
340900 0.000885
341000 0.000974
341100 0.000966
341200 0.000874
341300 0.001001
341400 0.001193
341500 0.000979
341600 0.000883
341700 0.000919
341800 0.000914
341900 0.000876
342000 0.000946
342100 0.001143
342200 0.000926
342300 0.000919
342400 0.000919
342500 0.00102
342600 0.00088
342700 0.000993
342800 0.000948
342900 0.000883
343000 0.001057
343100 0.000877
343200 0.001052
343300 0.000919
343400 0.001002
343500 0.001044
343600 0.001087
343700 0.000917
343800 0.001065
343900 0.000953
344000 0.001027
344100 0.000967
344200 0.000985
344300 0.000969
344400 0.000927
344500 0.001064
344600 0.001073
344700 0.001186
344800 0.000944
344900 0.000889
345000 0.000884
345100 0.000926
345200 0.000922
345300 0.000954
345400 0.000935
345500 0.000911
345600 0.000947
345700 0.000926
345800 0.000882
345900 0.000886
346000 0.000932
346100 0.001022
346200 0.000948
346300 0.000928
346400 0.00112
346500 0.001005
346600 0.001058
346700 0.00106
346800 0.000911
346900 0.000907
347000 0.001139
347100 0.000995
347200 0.001084
347300 0.000959
347400 0.000947
347500 0.00103
347600 0.000928
347700 0.00089
347800 0.000933
347900 0.000947
348000 0.001003
348100 0.000945
348200 0.000956
348300 0.000985
348400 0.000891
348500 0.000995
348600 0.000895
348700 0.000895
348800 0.001017
348900 0.000996
349000 0.00096
349100 0.000931
349200 0.000926
349300 0.000926
349400 0.000927
349500 0.000938
349600 0.000947
349700 0.000937
349800 0.000928
349900 0.000938
350000 0.000956
350100 0.000946
350200 0.000941
350300 0.001007
350400 0.001065
350500 0.000937
350600 0.000973
350700 0.000986
350800 0.001034
350900 0.001048
351000 0.0009
351100 0.000931
351200 0.000906
351300 0.000902
351400 0.000941
351500 0.001027
351600 0.001117
351700 0.001014
351800 0.00099
351900 0.001021
352000 0.001014
352100 0.001098
352200 0.000931
352300 0.001094
352400 0.001085
352500 0.001051
352600 0.000956
352700 0.001035
352800 0.000906
352900 0.000903
353000 0.001029
353100 0.000966
353200 0.000958
353300 0.000957
353400 0.000941
353500 0.000945
353600 0.000954
353700 0.000947
353800 0.000907
353900 0.000998
354000 0.000942
354100 0.000907
354200 0.001016
354300 0.001004
354400 0.000921
354500 0.000949
354600 0.000933
354700 0.000933
354800 0.000948
354900 0.00099
355000 0.000979
355100 0.001104
355200 0.000989
355300 0.000974
355400 0.000992
355500 0.000893
355600 0.000935
355700 0.001028
355800 0.000948
355900 0.000961
356000 0.001087
356100 0.000911
356200 0.001055
356300 0.000915
356400 0.001056
356500 0.001082
356600 0.000951
356700 0.000996
356800 0.001005
356900 0.001039
357000 0.000944
357100 0.000973
357200 0.001041
357300 0.000916
357400 0.000968
357500 0.000916
357600 0.000941
357700 0.000986
357800 0.000949
357900 0.000963
358000 0.000922
358100 0.000937
358200 0.001123
358300 0.000948
358400 0.000996
358500 0.001018
358600 0.000957
358700 0.001073
358800 0.001085
358900 0.000938
359000 0.000922
359100 0.001007
359200 0.001075
359300 0.000956
359400 0.000954
359500 0.000916
359600 0.001223
359700 0.00113
359800 0.000936
359900 0.000934
360000 0.001163
360100 0.001032
360200 0.000959
360300 0.00108
360400 0.000966
360500 0.000964
360600 0.000922
360700 0.000925
360800 0.00093
360900 0.000981
361000 0.001138
361100 0.000927
361200 0.00093
361300 0.000929
361400 0.00093
361500 0.000975
361600 0.001
361700 0.000973
361800 0.000971
361900 0.001124
362000 0.001021
362100 0.000966
362200 0.000957
362300 0.000949
362400 0.000931
362500 0.001098
362600 0.000947
362700 0.000994
362800 0.000998
362900 0.00102
363000 0.00106
363100 0.001079
363200 0.001027
363300 0.00093
363400 0.001079
363500 0.000988
363600 0.001003
363700 0.00093
363800 0.000918
363900 0.000946
364000 0.000996
364100 0.000976
364200 0.000933
364300 0.001073
364400 0.00097
364500 0.000968
364600 0.000935
364700 0.000949
364800 0.000976
364900 0.000976
365000 0.001071
365100 0.000999
365200 0.00114
365300 0.001262
365400 0.000971
365500 0.000996
365600 0.001176
365700 0.001106
365800 0.001008
365900 0.001121
366000 0.000959
366100 0.001066
366200 0.000943
366300 0.001057
366400 0.000943
366500 0.001065
366600 0.001025
366700 0.00119
366800 0.001087
366900 0.000946
367000 0.001045
367100 0.001197
367200 0.00102
367300 0.000943
367400 0.000995
367500 0.000941
367600 0.000981
367700 0.00098
367800 0.001064
367900 0.000927
368000 0.000984
368100 0.001148
368200 0.001006
368300 0.000953
368400 0.001097
368500 0.001129
368600 0.001049
368700 0.000984
368800 0.000946
368900 0.000952
369000 0.001191
369100 0.00098
369200 0.001133
369300 0.001051
369400 0.000986
369500 0.001197
369600 0.000952
369700 0.000945
369800 0.000956
369900 0.000944
370000 0.001127
370100 0.000975
370200 0.000946
370300 0.000948
370400 0.001143
370500 0.001066
370600 0.000945
370700 0.000948
370800 0.000979
370900 0.000995
371000 0.000982
371100 0.001118
371200 0.001051
371300 0.000956
371400 0.001066
371500 0.001052
371600 0.001064
371700 0.001008
371800 0.001002
371900 0.001021
372000 0.001195
372100 0.00107
372200 0.001085
372300 0.00115
372400 0.000961
372500 0.001069
372600 0.001033
372700 0.001067
372800 0.001096
372900 0.001164
373000 0.001035
373100 0.001085
373200 0.001187
373300 0.001215
373400 0.000998
373500 0.001264
373600 0.001231
373700 0.00108
373800 0.001028
373900 0.000961
374000 0.001169
374100 0.00105
374200 0.0012
374300 0.000964
374400 0.001004
374500 0.001244
374600 0.000968
374700 0.001163
374800 0.001081
374900 0.000991
375000 0.001062
375100 0.001208
375200 0.000962
375300 0.000965
375400 0.001027
375500 0.000971
375600 0.000997
375700 0.001002
375800 0.001009
375900 0.000991
376000 0.000965
376100 0.001009
376200 0.000965
376300 0.001013
376400 0.001028
376500 0.000992
376600 0.000996
376700 0.001049
376800 0.001011
376900 0.001005
377000 0.001003
377100 0.00118
377200 0.001056
377300 0.001178
377400 0.001021
377500 0.001013
377600 0.001061
377700 0.001023
377800 0.00103
377900 0.001101
378000 0.001017
378100 0.001009
378200 0.001034
378300 0.000969
378400 0.00101
378500 0.001047
378600 0.001054
378700 0.001107
378800 0.001032
378900 0.00106
379000 0.001097
379100 0.00101
379200 0.001019
379300 0.001017
379400 0.000973
379500 0.001026
379600 0.001063
379700 0.001097
379800 0.000968
379900 0.001001
380000 0.00098
380100 0.001208
380200 0.001088
380300 0.001022
380400 0.001022
380500 0.001084
380600 0.001046
380700 0.001057
380800 0.001117
380900 0.001139
381000 0.001036
381100 0.001078
381200 0.00098
381300 0.001086
381400 0.00114
381500 0.00123
381600 0.000982
381700 0.001092
381800 0.001109
381900 0.001174
382000 0.001203
382100 0.001024
382200 0.001034
382300 0.001047
382400 0.001172
382500 0.000981
382600 0.001212
382700 0.001113
382800 0.000977
382900 0.000979
383000 0.00102
383100 0.001119
383200 0.001149
383300 0.001117
383400 0.000991
383500 0.001027
383600 0.001003
383700 0.000983
383800 0.000984
383900 0.001057
384000 0.001115
384100 0.001155
384200 0.000985
384300 0.000994
384400 0.001053
384500 0.000986
384600 0.000985
384700 0.000986
384800 0.001063
384900 0.001025
385000 0.001159
385100 0.001146
385200 0.001003
385300 0.001024
385400 0.00104
385500 0.000991
385600 0.001148
385700 0.00109
385800 0.00099
385900 0.000993
386000 0.000989
386100 0.001069
386200 0.000997
386300 0.000988
386400 0.001052
386500 0.001077
386600 0.001038
386700 0.001155
386800 0.001007
386900 0.001072
387000 0.00103
387100 0.001064
387200 0.001174
387300 0.001147
387400 0.001098
387500 0.001289
387600 0.000992
387700 0.000996
387800 0.001074
387900 0.001005
388000 0.000977
388100 0.00111
388200 0.001206
388300 0.001038
388400 0.000997
388500 0.001026
388600 0.001094
388700 0.001059
388800 0.001029
388900 0.001157
389000 0.001055
389100 0.001134
389200 0.001053
389300 0.001138
389400 0.001116
389500 0.001053
389600 0.001116
389700 0.001127
389800 0.000992
389900 0.001054
390000 0.001002
390100 0.001005
390200 0.001072
390300 0.001084
390400 0.000999
390500 0.001124
390600 0.001127
390700 0.001053
390800 0.001124
390900 0.001034
391000 0.001075
391100 0.001005
391200 0.001004
391300 0.001117
391400 0.001049
391500 0.001049
391600 0.001035
391700 0.00109
391800 0.001246
391900 0.001003
392000 0.00115
392100 0.001004
392200 0.001079
392300 0.001044
392400 0.001056
392500 0.001035
392600 0.001008
392700 0.001008
392800 0.00101
392900 0.001143
393000 0.001049
393100 0.001008
393200 0.001009
393300 0.001089
393400 0.001041
393500 0.001153
393600 0.001011
393700 0.001046
393800 0.001015
393900 0.001053
394000 0.0011
394100 0.001268
394200 0.001011
394300 0.00102
394400 0.001221
394500 0.001091
394600 0.001015
394700 0.001121
394800 0.000985
394900 0.001102
395000 0.001116
395100 0.001183
395200 0.001007
395300 0.001129
395400 0.001017
395500 0.001052
395600 0.001047
395700 0.001078
395800 0.00102
395900 0.001092
396000 0.001138
396100 0.001108
396200 0.001059
396300 0.001036
396400 0.001016
396500 0.001076
396600 0.001076
396700 0.001269
396800 0.001019
396900 0.001039
397000 0.001028
397100 0.001076
397200 0.001048
397300 0.001064
397400 0.00112
397500 0.001109
397600 0.001025
397700 0.00108
397800 0.001098
397900 0.001028
398000 0.001055
398100 0.001019
398200 0.001028
398300 0.001066
398400 0.001084
398500 0.001079
398600 0.001106
398700 0.001038
398800 0.001102
398900 0.0011
399000 0.001083
399100 0.0011
399200 0.001234
399300 0.001037
399400 0.001093
399500 0.001151
399600 0.001098
399700 0.001009
399800 0.001021
399900 0.001206
400000 0.001072
400100 0.001091
400200 0.001093
400300 0.001079
400400 0.001138
400500 0.001032
400600 0.001032
400700 0.00105
400800 0.00111
400900 0.001061
401000 0.001035
401100 0.001064
401200 0.001131
401300 0.001039
401400 0.001064
401500 0.00117
401600 0.001117
401700 0.00108
401800 0.001071
401900 0.001057
402000 0.001146
402100 0.001067
402200 0.001031
402300 0.001269
402400 0.001077
402500 0.001214
402600 0.001075
402700 0.001073
402800 0.001193
402900 0.001031
403000 0.001181
403100 0.001067
403200 0.001123
403300 0.001046
403400 0.001037
403500 0.001031
403600 0.001113
403700 0.001036
403800 0.001073
403900 0.001109
404000 0.001237
404100 0.001088
404200 0.001095
404300 0.001053
404400 0.001094
404500 0.001083
404600 0.001025
404700 0.001054
404800 0.001247
404900 0.001311
405000 0.001139
405100 0.001084
405200 0.001081
405300 0.001044
405400 0.001048
405500 0.00104
405600 0.001037
405700 0.001036
405800 0.001094
405900 0.001097
406000 0.001038
406100 0.001077
406200 0.001188
406300 0.001238
406400 0.001213
406500 0.00117
406600 0.001089
406700 0.001091
406800 0.001078
406900 0.001106
407000 0.00104
407100 0.001102
407200 0.001129
407300 0.00105
407400 0.001065
407500 0.001064
407600 0.001079
407700 0.001152
407800 0.001045
407900 0.001307
408000 0.001048
408100 0.00108
408200 0.001038
408300 0.001112
408400 0.001062
408500 0.001049
408600 0.001043
408700 0.001093
408800 0.001086
408900 0.001055
409000 0.001113
409100 0.001126
409200 0.001138
409300 0.001102
409400 0.001156
409500 0.001225
409600 0.001246
409700 0.001107
409800 0.001438
409900 0.001106
410000 0.001238
410100 0.001063
410200 0.001069
410300 0.001219
410400 0.001185
410500 0.001189
410600 0.001092
410700 0.001268
410800 0.001055
410900 0.001233
411000 0.001262
411100 0.001066
411200 0.001175
411300 0.001093
411400 0.001276
411500 0.001208
411600 0.001232
411700 0.001169
411800 0.001119
411900 0.00126
412000 0.001095
412100 0.001093
412200 0.001091
412300 0.001103
412400 0.001119
412500 0.001265
412600 0.001057
412700 0.001139
412800 0.001057
412900 0.001065
413000 0.001203
413100 0.001104
413200 0.00116
413300 0.001131
413400 0.001101
413500 0.001097
413600 0.001102
413700 0.001064
413800 0.001069
413900 0.001169
414000 0.001167
414100 0.001123
414200 0.001097
414300 0.001071
414400 0.001188
414500 0.001139
414600 0.001107
414700 0.001132
414800 0.001114
414900 0.001199
415000 0.001065
415100 0.001297
415200 0.001265
415300 0.001115
415400 0.001247
415500 0.001131
415600 0.001114
415700 0.001111
415800 0.001074
415900 0.001071
416000 0.001049
416100 0.001077
416200 0.001068
416300 0.001129
416400 0.001114
416500 0.001068
416600 0.001072
416700 0.001165
416800 0.001108
416900 0.001111
417000 0.00105
417100 0.001204
417200 0.001129
417300 0.001163
417400 0.001092
417500 0.001108
417600 0.001154
417700 0.001116
417800 0.001217
417900 0.001068
418000 0.001073
418100 0.001186
418200 0.00112
418300 0.001123
418400 0.001145
418500 0.001199
418600 0.00126
418700 0.001279
418800 0.001131
418900 0.001113
419000 0.00112
419100 0.001073
419200 0.00141
419300 0.00113
419400 0.001127
419500 0.00108
419600 0.001062
419700 0.001123
419800 0.001171
419900 0.001083
420000 0.001162
420100 0.001149
420200 0.001096
420300 0.001081
420400 0.001082
420500 0.001095
420600 0.001076
420700 0.001126
420800 0.001123
420900 0.001129
421000 0.001461
421100 0.001343
421200 0.00108
421300 0.001084
421400 0.001166
421500 0.001163
421600 0.001093
421700 0.001285
421800 0.001122
421900 0.00108
422000 0.001316
422100 0.001123
422200 0.001203
422300 0.001125
422400 0.001236
422500 0.001307
422600 0.001187
422700 0.001092
422800 0.00111
422900 0.001136
423000 0.001157
423100 0.001127
423200 0.00113
423300 0.001129
423400 0.001135
423500 0.001198
423600 0.001245
423700 0.001171
423800 0.001126
423900 0.001101
424000 0.001225
424100 0.001126
424200 0.001344
424300 0.001388
424400 0.001329
424500 0.001149
424600 0.001159
424700 0.00134
424800 0.001159
424900 0.001196
425000 0.001312
425100 0.001214
425200 0.001176
425300 0.001378
425400 0.001403
425500 0.001099
425600 0.001149
425700 0.001352
425800 0.001315
425900 0.00121
426000 0.001264
426100 0.001138
426200 0.001228
426300 0.001164
426400 0.001105
426500 0.001243
426600 0.001186
426700 0.00121
426800 0.001162
426900 0.001138
427000 0.001259
427100 0.001272
427200 0.001283
427300 0.001165
427400 0.001214
427500 0.001303
427600 0.001219
427700 0.001172
427800 0.001334
427900 0.001115
428000 0.001208
428100 0.001286
428200 0.001258
428300 0.001255
428400 0.001376
428500 0.00117
428600 0.001193
428700 0.0011
428800 0.001338
428900 0.001249
429000 0.001185
429100 0.001288
429200 0.001151
429300 0.001184
429400 0.001157
429500 0.00116
429600 0.001335
429700 0.001107
429800 0.001159
429900 0.001113
430000 0.00114
430100 0.001161
430200 0.001162
430300 0.001181
430400 0.001193
430500 0.001187
430600 0.001105
430700 0.001394
430800 0.001253
430900 0.001418
431000 0.001182
431100 0.001109
431200 0.001208
431300 0.001113
431400 0.001254
431500 0.001444
431600 0.001115
431700 0.001327
431800 0.001199
431900 0.001111
432000 0.001401
432100 0.001376
432200 0.001273
432300 0.001168
432400 0.001351
432500 0.001261
432600 0.001278
432700 0.001358
432800 0.001208
432900 0.001102
433000 0.00132
433100 0.001284
433200 0.001213
433300 0.001332
433400 0.001184
433500 0.001298
433600 0.001297
433700 0.001386
433800 0.001321
433900 0.001205
434000 0.001255
434100 0.001158
434200 0.001221
434300 0.001264
434400 0.001453
434500 0.001154
434600 0.001343
434700 0.00121
434800 0.001306
434900 0.001367
435000 0.001428
435100 0.001359
435200 0.001395
435300 0.001159
435400 0.00134
435500 0.001315
435600 0.001337
435700 0.001119
435800 0.001423
435900 0.001116
436000 0.001188
436100 0.001206
436200 0.001187
436300 0.001395
436400 0.001185
436500 0.001202
436600 0.001261
436700 0.001223
436800 0.001263
436900 0.001245
437000 0.001335
437100 0.001207
437200 0.001419
437300 0.001177
437400 0.001224
437500 0.001153
437600 0.001386
437700 0.001171
437800 0.001175
437900 0.001122
438000 0.001164
438100 0.001243
438200 0.001166
438300 0.001371
438400 0.001306
438500 0.00113
438600 0.001269
438700 0.001247
438800 0.001171
438900 0.001343
439000 0.00114
439100 0.001219
439200 0.001207
439300 0.001111
439400 0.001269
439500 0.001269
439600 0.001331
439700 0.001131
439800 0.001316
439900 0.001179
440000 0.00112
440100 0.001211
440200 0.001215
440300 0.001224
440400 0.001223
440500 0.001188
440600 0.00134
440700 0.001154
440800 0.001335
440900 0.001218
441000 0.001249
441100 0.001165
441200 0.00131
441300 0.001177
441400 0.001202
